               Author   Hits  Misses  Strikes  Precision  Recall  F-Measure
28    LynnleyBrowning   93.0     7.0      4.0   0.958763    0.93   0.944162
11     GrahamEarnshaw   90.0    10.0      1.0   0.989011    0.90   0.942408
7         DavidLawder   89.0    11.0      5.0   0.946809    0.89   0.917526
29    MarcelMichelson   86.0    14.0      3.0   0.966292    0.86   0.910053
10     FumikoFujisaki   89.0    11.0      7.0   0.927083    0.89   0.908163
26          LydiaZajc   89.0    11.0      7.0   0.927083    0.89   0.908163
48         ToddNissen   83.0    17.0      2.0   0.976471    0.83   0.897297
38         PierreTran   81.0    19.0      0.0   1.000000    0.81   0.895028
35          NickLouth   94.0     6.0     17.0   0.846847    0.94   0.890995
34         MureDickie   94.0     6.0     17.0   0.846847    0.94   0.890995
13         JanLopatka   80.0    20.0      2.0   0.975610    0.80   0.879121
24      KirstinRidley   79.0    21.0      1.0   0.987500    0.79   0.877778
23      KevinMorrison   79.0    21.0      2.0   0.975309    0.79   0.872928
3     BenjaminKangLim   78.0    22.0      1.0   0.987342    0.78   0.871508
12   HeatherScoffield   85.0    15.0     15.0   0.850000    0.85   0.850000
30       MarkBendeich   74.0    26.0      1.0   0.986667    0.74   0.845714
47         TimFarrand   87.0    13.0     19.0   0.820755    0.87   0.844660
18       JohnMastrini   73.0    27.0      0.0   1.000000    0.73   0.843931
19       JonathanBirt   88.0    12.0     22.0   0.800000    0.88   0.838095
16     JoWinterbottom   76.0    24.0      6.0   0.926829    0.76   0.835165
14      JaneMacartney   93.0     7.0     32.0   0.744000    0.93   0.826667
40       RogerFillion   70.0    30.0      0.0   1.000000    0.70   0.823529
4       BernardHickey   71.0    29.0      2.0   0.972603    0.71   0.820809
49       WilliamKazer   92.0     8.0     33.0   0.736000    0.92   0.817778
2      AlexanderSmith   71.0    29.0      3.0   0.959459    0.71   0.816092
25  KouroshKarimkhany   70.0    30.0      2.0   0.972222    0.70   0.813953
21          KeithWeir   72.0    28.0      5.0   0.935065    0.72   0.813559
37      PeterHumphrey   94.0     6.0     38.0   0.712121    0.94   0.810345
31         MartinWolk   68.0    32.0      0.0   1.000000    0.68   0.809524
46     TheresePoletti   68.0    32.0      1.0   0.985507    0.68   0.804734
41        SamuelPerry   69.0    31.0      3.0   0.958333    0.69   0.802326
8       EdnaFernandes   69.0    31.0      3.0   0.958333    0.69   0.802326
27     LynneO'Donnell   95.0     5.0     43.0   0.688406    0.95   0.798319
39         RobinSidel   92.0     8.0     40.0   0.696970    0.92   0.793103
33      MichaelConnor   90.0    10.0     37.0   0.708661    0.90   0.792952
6    DarrenSchuettler   66.0    34.0      1.0   0.985075    0.66   0.790419
1          AlanCrosby   68.0    32.0      6.0   0.918919    0.68   0.781609
45           TanEeLyn   64.0    36.0      0.0   1.000000    0.64   0.780488
0       AaronPressman   73.0    27.0     17.0   0.811111    0.73   0.768421
5         BradDorfman   78.0    22.0     26.0   0.750000    0.78   0.764706
20        KarlPenhaul   69.0    31.0     12.0   0.851852    0.69   0.762431
42       SarahDavison   61.0    39.0      0.0   1.000000    0.61   0.757764
32       MatthewBunce   61.0    39.0      2.0   0.968254    0.61   0.748466
43        ScottHillis   89.0    11.0     51.0   0.635714    0.89   0.741667
9         EricAuchard   87.0    13.0     50.0   0.635036    0.87   0.734177
36    PatriciaCommins   91.0     9.0     64.0   0.587097    0.91   0.713725
44        SimonCowell   53.0    47.0      4.0   0.929825    0.53   0.675159
17           JoeOrtiz   52.0    48.0      3.0   0.945455    0.52   0.670968
22     KevinDrawbaugh   47.0    53.0      0.0   1.000000    0.47   0.639456
15       JimGilchrist  100.0     0.0    460.0   0.178571    1.00   0.303030

Matrix Totals

Best Author:  LynnleyBrowning
Correct:  3930.0
Incorrect:  1070.0
Accuracy:  0.786
Time Taken: 3819.0659079551697
