               Author   Hits  Misses  Strikes  Precision  Recall  F-Measure
15       JimGilchrist  100.0     0.0      3.0   0.970874    1.00   0.985222
20        KarlPenhaul   85.0    15.0     15.0   0.850000    0.85   0.850000
6    DarrenSchuettler   71.0    29.0      1.0   0.986111    0.71   0.825581
40       RogerFillion   65.0    35.0      0.0   1.000000    0.65   0.787879
7         DavidLawder   64.0    36.0      0.0   1.000000    0.64   0.780488
23      KevinMorrison   65.0    35.0      2.0   0.970149    0.65   0.778443
22     KevinDrawbaugh   60.0    40.0      0.0   1.000000    0.60   0.750000
26          LydiaZajc   60.0    40.0      0.0   1.000000    0.60   0.750000
36    PatriciaCommins   62.0    38.0      6.0   0.911765    0.62   0.738095
9         EricAuchard   59.0    41.0      1.0   0.983333    0.59   0.737500
5         BradDorfman   59.0    41.0      1.0   0.983333    0.59   0.737500
48         ToddNissen   56.0    44.0      0.0   1.000000    0.56   0.717949
4       BernardHickey   55.0    45.0      2.0   0.964912    0.55   0.700637
37      PeterHumphrey   77.0    23.0     65.0   0.542254    0.77   0.636364
39         RobinSidel   46.0    54.0      0.0   1.000000    0.46   0.630137
41        SamuelPerry   45.0    55.0      1.0   0.978261    0.45   0.616438
46     TheresePoletti   41.0    59.0      0.0   1.000000    0.41   0.581560
28    LynnleyBrowning   38.0    62.0      0.0   1.000000    0.38   0.550725
47         TimFarrand   37.0    63.0      1.0   0.973684    0.37   0.536232
19       JonathanBirt   36.0    64.0      0.0   1.000000    0.36   0.529412
12   HeatherScoffield   34.0    66.0      0.0   1.000000    0.34   0.507463
0       AaronPressman   33.0    67.0      1.0   0.970588    0.33   0.492537
8       EdnaFernandes   33.0    67.0      2.0   0.942857    0.33   0.488889
21          KeithWeir   31.0    69.0      0.0   1.000000    0.31   0.473282
30       MarkBendeich   30.0    70.0      0.0   1.000000    0.30   0.461538
33      MichaelConnor   29.0    71.0      0.0   1.000000    0.29   0.449612
45           TanEeLyn   29.0    71.0      0.0   1.000000    0.29   0.449612
35          NickLouth   29.0    71.0      1.0   0.966667    0.29   0.446154
1          AlanCrosby   26.0    74.0      0.0   1.000000    0.26   0.412698
16     JoWinterbottom   24.0    76.0      0.0   1.000000    0.24   0.387097
17           JoeOrtiz   21.0    79.0      0.0   1.000000    0.21   0.347107
42       SarahDavison   21.0    79.0      1.0   0.954545    0.21   0.344262
25  KouroshKarimkhany   19.0    81.0      0.0   1.000000    0.19   0.319328
31         MartinWolk   19.0    81.0      0.0   1.000000    0.19   0.319328
27     LynneO'Donnell   19.0    81.0      0.0   1.000000    0.19   0.319328
3     BenjaminKangLim   19.0    81.0      0.0   1.000000    0.19   0.319328
24      KirstinRidley   17.0    83.0      0.0   1.000000    0.17   0.290598
38         PierreTran   15.0    85.0      2.0   0.882353    0.15   0.256410
49       WilliamKazer   14.0    86.0      0.0   1.000000    0.14   0.245614
18       JohnMastrini   12.0    88.0      0.0   1.000000    0.12   0.214286
11     GrahamEarnshaw   10.0    90.0      0.0   1.000000    0.10   0.181818
2      AlexanderSmith    8.0    92.0      0.0   1.000000    0.08   0.148148
44        SimonCowell    8.0    92.0      0.0   1.000000    0.08   0.148148
13         JanLopatka    6.0    94.0      0.0   1.000000    0.06   0.113208
29    MarcelMichelson    5.0    95.0      0.0   1.000000    0.05   0.095238
32       MatthewBunce    4.0    96.0      0.0   1.000000    0.04   0.076923
10     FumikoFujisaki  100.0     0.0   3092.0   0.031328    1.00   0.060753
43        ScottHillis    3.0    97.0      0.0   1.000000    0.03   0.058252
34         MureDickie    2.0    98.0      0.0   1.000000    0.02   0.039216
14      JaneMacartney    2.0    98.0      0.0   1.000000    0.02   0.039216

Matrix Totals

Best Author:  JimGilchrist
Correct:  1803.0
Incorrect:  3197.0
Accuracy:  0.3606
Time Taken: 6989.169835090637
