               Author  Hits  Misses  Strikes  Precision  Recall  F-Measure
37      PeterHumphrey  96.0     4.0      0.0   1.000000    0.96   0.979592
6    DarrenSchuettler  94.0     6.0      1.0   0.989474    0.94   0.964103
26          LydiaZajc  98.0     2.0      8.0   0.924528    0.98   0.951456
41        SamuelPerry  79.0    21.0      1.0   0.987500    0.79   0.877778
27     LynneO'Donnell  95.0     5.0     28.0   0.772358    0.95   0.852018
25  KouroshKarimkhany  73.0    27.0      1.0   0.986486    0.73   0.839080
3     BenjaminKangLim  85.0    15.0     18.0   0.825243    0.85   0.837438
9         EricAuchard  70.0    30.0      0.0   1.000000    0.70   0.823529
7         DavidLawder  67.0    33.0      0.0   1.000000    0.67   0.802395
46     TheresePoletti  65.0    35.0      0.0   1.000000    0.65   0.787879
43        ScottHillis  62.0    38.0      0.0   1.000000    0.62   0.765432
44        SimonCowell  68.0    32.0     12.0   0.850000    0.68   0.755556
5         BradDorfman  60.0    40.0      1.0   0.983607    0.60   0.745342
35          NickLouth  58.0    42.0      0.0   1.000000    0.58   0.734177
49       WilliamKazer  58.0    42.0      0.0   1.000000    0.58   0.734177
42       SarahDavison  56.0    44.0      0.0   1.000000    0.56   0.717949
12   HeatherScoffield  51.0    49.0      0.0   1.000000    0.51   0.675497
22     KevinDrawbaugh  50.0    50.0      0.0   1.000000    0.50   0.666667
48         ToddNissen  44.0    56.0      0.0   1.000000    0.44   0.611111
31         MartinWolk  43.0    57.0      0.0   1.000000    0.43   0.601399
1          AlanCrosby  43.0    57.0      0.0   1.000000    0.43   0.601399
45           TanEeLyn  41.0    59.0      0.0   1.000000    0.41   0.581560
21          KeithWeir  41.0    59.0      0.0   1.000000    0.41   0.581560
36    PatriciaCommins  41.0    59.0      0.0   1.000000    0.41   0.581560
15       JimGilchrist  39.0    61.0      0.0   1.000000    0.39   0.561151
16     JoWinterbottom  39.0    61.0      0.0   1.000000    0.39   0.561151
10     FumikoFujisaki  38.0    62.0      0.0   1.000000    0.38   0.550725
28    LynnleyBrowning  38.0    62.0      0.0   1.000000    0.38   0.550725
29    MarcelMichelson  38.0    62.0      0.0   1.000000    0.38   0.550725
39         RobinSidel  36.0    64.0      0.0   1.000000    0.36   0.529412
33      MichaelConnor  35.0    65.0      0.0   1.000000    0.35   0.518519
0       AaronPressman  34.0    66.0      0.0   1.000000    0.34   0.507463
24      KirstinRidley  33.0    67.0      0.0   1.000000    0.33   0.496241
23      KevinMorrison  33.0    67.0      0.0   1.000000    0.33   0.496241
40       RogerFillion  32.0    68.0      0.0   1.000000    0.32   0.484848
18       JohnMastrini  32.0    68.0      0.0   1.000000    0.32   0.484848
32       MatthewBunce  31.0    69.0      0.0   1.000000    0.31   0.473282
8       EdnaFernandes  30.0    70.0      0.0   1.000000    0.30   0.461538
19       JonathanBirt  74.0    26.0    184.0   0.286822    0.74   0.413408
47         TimFarrand  24.0    76.0      0.0   1.000000    0.24   0.387097
30       MarkBendeich  24.0    76.0      0.0   1.000000    0.24   0.387097
14      JaneMacartney  23.0    77.0      0.0   1.000000    0.23   0.373984
2      AlexanderSmith  23.0    77.0      0.0   1.000000    0.23   0.373984
34         MureDickie  17.0    83.0      0.0   1.000000    0.17   0.290598
13         JanLopatka  16.0    84.0      0.0   1.000000    0.16   0.275862
11     GrahamEarnshaw  15.0    85.0      0.0   1.000000    0.15   0.260870
38         PierreTran  10.0    90.0      0.0   1.000000    0.10   0.181818
17           JoeOrtiz  10.0    90.0      0.0   1.000000    0.10   0.181818
20        KarlPenhaul   8.0    92.0      0.0   1.000000    0.08   0.148148
4       BernardHickey  98.0     2.0   2378.0   0.039580    0.98   0.076087

Matrix Totals

Best Author:  PeterHumphrey
Correct:  2368.0
Incorrect:  2632.0
Accuracy:  0.4736
Time Taken: 7038.2494831085205
